#开头为注释。#具体内容如下：
#订单编号,商品编号,销售量,单价,总金额
0001 s_05_002 5 198.00 990.00
0001 s_05_004 5 66.00 330.00
0001 s_05_005 2 599.00 1198.00
0001 s_03_001 1 3.00 3.00
0001 s_06_001 1 15.00 15.00
0001 s_06_004 5 18.88 94.40
0001 s_01_005 5 20.00 100.00
0001 s_02_003 5 19.90 99.50
0002 s_03_002 4 3.00 12.00
0002 s_05_004 5 66.00 330.00
0002 s_01_004 3 88.00 264.00
0002 s_02_004 1 0.50 0.50
0002 s_04_004 1 200.00 200.00
0002 s_03_005 4 10.00 40.00
0002 s_05_006 4 399.00 1596.00
0003 s_04_004 5 200.00 1000.00
0003 s_05_001 3 198.00 594.00
0003 s_05_005 4 599.00 2396.00
0003 s_03_003 2 2.00 4.00
0003 s_06_006 5 601.00 3005.00
0003 s_06_001 4 15.00 60.00
0003 s_01_005 3 20.00 60.00
0004 s_05_001 4 198.00 792.00
0004 s_02_004 3 0.50 1.50
0004 s_01_007 4 5.00 20.00
0004 s_05_004 4 66.00 264.00
0004 s_03_004 1 6.00 6.00
0004 s_03_001 4 3.00 12.00
0004 s_05_002 2 198.00 396.00
0004 s_06_003 5 499.00 2495.00
0004 s_06_005 3 300.00 900.00
0004 s_01_002 2 8.00 16.00
0005 s_06_002 5 998.00 4990.00
0005 s_05_005 5 599.00 2995.00
0005 s_06_006 3 601.00 1803.00
0005 s_03_001 2 3.00 6.00
0005 s_05_002 1 198.00 198.00
0006 s_04_001 4 150.00 600.00
0006 s_02_002 5 18.00 90.00
0006 s_02_005 2 66.60 133.20
0006 s_06_005 4 300.00 1200.00
0006 s_06_004 2 18.88 37.76
0006 s_05_006 2 399.00 798.00
0006 s_01_001 1 2.00 2.00
0006 s_02_004 5 0.50 2.50
0006 s_04_002 1 299.00 299.00
0006 s_01_002 4 8.00 32.00
0007 s_01_002 4 8.00 32.00
0007 s_04_002 1 299.00 299.00
0007 s_03_005 4 10.00 40.00
0007 s_06_006 3 601.00 1803.00
0007 s_06_003 1 499.00 499.00
0007 s_03_002 1 3.00 3.00
0007 s_06_005 2 300.00 600.00
0008 s_01_007 4 5.00 20.00
0008 s_01_004 1 88.00 88.00
0008 s_02_001 1 8.00 8.00
0008 s_01_002 5 8.00 40.00
0008 s_05_003 1 68.00 68.00
0008 s_02_003 5 19.90 99.50
0008 s_01_001 5 2.00 10.00
0008 s_02_004 4 0.50 2.00
0008 s_05_004 4 66.00 264.00
0008 s_03_005 1 10.00 10.00
0009 s_01_007 3 5.00 15.00
0009 s_01_005 1 20.00 20.00
0009 s_05_001 3 198.00 594.00
0009 s_03_003 5 2.00 10.00
0009 s_01_002 2 8.00 16.00
0009 s_02_003 5 19.90 99.50
0010 s_03_003 5 2.00 10.00
0010 s_05_006 5 399.00 1995.00
0010 s_06_003 1 499.00 499.00
0010 s_06_001 5 15.00 75.00
0010 s_05_003 2 68.00 136.00
0010 s_04_001 3 150.00 450.00
0011 s_01_006 1 10.00 10.00
0011 s_05_002 2 198.00 396.00
0011 s_03_003 4 2.00 8.00
0011 s_01_004 1 88.00 88.00
0011 s_02_002 4 18.00 72.00
0011 s_03_004 1 6.00 6.00
0011 s_01_007 1 5.00 5.00
0011 s_06_005 4 300.00 1200.00
0012 s_05_006 5 399.00 1995.00
0012 s_03_001 2 3.00 6.00
0012 s_05_004 2 66.00 132.00
0012 s_06_004 4 18.88 75.52
0012 s_06_005 2 300.00 600.00
0012 s_05_001 3 198.00 594.00
0012 s_02_003 1 19.90 19.90
0012 s_05_002 3 198.00 594.00
0012 s_04_001 5 150.00 750.00
0012 s_06_003 2 499.00 998.00
0013 s_06_006 1 601.00 601.00
0013 s_03_004 1 6.00 6.00
0013 s_01_007 1 5.00 5.00
0013 s_05_004 4 66.00 264.00
0013 s_03_002 3 3.00 9.00
0013 s_06_004 5 18.88 94.40
0014 s_02_003 1 19.90 19.90
0014 s_06_005 4 300.00 1200.00
0014 s_03_004 2 6.00 12.00
0014 s_06_002 2 998.00 1996.00
0014 s_04_002 4 299.00 1196.00
0014 s_02_005 2 66.60 133.20
0015 s_04_001 3 150.00 450.00
0015 s_06_005 5 300.00 1500.00
0015 s_03_002 5 3.00 15.00
0015 s_06_006 1 601.00 601.00
0015 s_02_001 2 8.00 16.00
0015 s_04_002 4 299.00 1196.00
0015 s_05_002 5 198.00 990.00
0016 s_02_003 5 19.90 99.50
0016 s_05_004 3 66.00 198.00
0016 s_01_002 5 8.00 40.00
0016 s_02_001 1 8.00 8.00
0016 s_02_002 1 18.00 18.00
0016 s_02_004 5 0.50 2.50
0016 s_02_005 2 66.60 133.20
0016 s_04_002 2 299.00 598.00
0016 s_01_005 2 20.00 40.00
0016 s_03_002 3 3.00 9.00
0017 s_01_006 5 10.00 50.00
0017 s_02_003 4 19.90 79.60
0017 s_03_001 1 3.00 3.00
0017 s_02_004 5 0.50 2.50
0017 s_05_002 4 198.00 792.00
0017 s_03_004 1 6.00 6.00
0017 s_02_002 2 18.00 36.00
0017 s_03_003 3 2.00 6.00
0018 s_04_003 5 135.00 675.00
0018 s_03_002 1 3.00 3.00
0018 s_05_003 5 68.00 340.00
0018 s_06_003 2 499.00 998.00
0018 s_05_006 2 399.00 798.00
0018 s_02_005 5 66.60 333.00
0018 s_01_005 4 20.00 80.00
0019 s_03_003 5 2.00 10.00
0019 s_06_003 1 499.00 499.00
0019 s_02_004 4 0.50 2.00
0019 s_01_001 5 2.00 10.00
0019 s_01_002 1 8.00 8.00
0020 s_06_003 5 499.00 2495.00
0020 s_05_003 5 68.00 340.00
0020 s_06_006 2 601.00 1202.00
0020 s_03_002 3 3.00 9.00
0020 s_01_003 1 6.00 6.00
0020 s_01_001 2 2.00 4.00
0020 s_01_007 5 5.00 25.00
0020 s_01_002 2 8.00 16.00
0020 s_03_005 5 10.00 50.00
0020 s_05_006 1 399.00 399.00
